OPDSCR = Simulated data based on PPE_TLS_Fb_OP_test_true.txt (created 23-Oct-2018 21:35:37)
OPSYSN = RCF-ETH
OPHAND = right
OPSTRT
% id      X /m         Y /m         Z /m        std /m, or vcm / m^2 
%----- ------------ ------------ ------------ ---------------------------------------------------------
    1        0.9804       0.1705       2.3000   0.0000   0.0000   0.0000
    2        0.6041       0.1742       2.3000   0.0000   0.0000   0.0000
    3        0.8906       0.4400       2.3000   0.0000   0.0000   0.0000
    4        0.3782       0.2885       2.3000   0.0000   0.0000   0.0000
    5        0.4525       0.4012       2.3000   0.0000   0.0000   0.0000
    6        0.3701       0.4115       2.3000   0.0000   0.0000   0.0000
    7        0.0810       0.4353       2.3000   0.0000   0.0000   0.0000
    8       -0.0237       1.2149       2.3000   0.0000   0.0000   0.0000
    9       -0.0735       0.4327       2.3000   0.0000   0.0000   0.0000
   10       -0.2683       1.2272       2.3000   0.0000   0.0000   0.0000
   11       -0.3069       0.5135       2.3000   0.0000   0.0000   0.0000
   12       -0.5098       0.4721       2.3000   0.0000   0.0000   0.0000
   13       -0.8505      -0.4526       2.3000   0.0000   0.0000   0.0000
   14       -0.8442      -0.7354       2.3000   0.0000   0.0000   0.0000
   15        1.3273      -0.0391       2.3000   0.0000   0.0000   0.0000
   16        4.0000       1.7750       0.7241   0.0000   0.0000   0.0000
   17        2.6808       4.0000       0.3054   0.0000   0.0000   0.0000
   18        0.4548       4.0000       0.2691   0.0000   0.0000   0.0000
   19       -1.1534       4.0000       0.0513   0.0000   0.0000   0.0000
   20       -1.7178       4.0000      -0.5996   0.0000   0.0000   0.0000
   21       -1.9526       4.0000      -0.5947   0.0000   0.0000   0.0000
   22       -4.0000       1.6548       0.2132   0.0000   0.0000   0.0000
   23       -1.5742      -4.0000      -0.4465   0.0000   0.0000   0.0000
   24        0.8479       0.8973      -1.7000   0.0000   0.0000   0.0000
   25        1.8091       1.9342      -1.7000   0.0000   0.0000   0.0000
   26        0.7819       1.0260      -1.7000   0.0000   0.0000   0.0000
   27        0.1699       0.8969      -1.7000   0.0000   0.0000   0.0000
   28        0.2453       1.8318      -1.7000   0.0000   0.0000   0.0000
   29       -0.3280       1.6485      -1.7000   0.0000   0.0000   0.0000
   30       -0.6999       1.7836      -1.7000   0.0000   0.0000   0.0000
   31       -1.5191       2.0473      -1.7000   0.0000   0.0000   0.0000
   32       -0.7058       0.7545      -1.7000   0.0000   0.0000   0.0000
   33       -0.5739       0.6117      -1.7000   0.0000   0.0000   0.0000
   34       -0.8150       0.7569      -1.7000   0.0000   0.0000   0.0000
   35       -0.7944      -0.3531      -1.7000   0.0000   0.0000   0.0000
   36       -1.4703      -0.7162      -1.7000   0.0000   0.0000   0.0000
   37       -1.0045      -1.2718      -1.7000   0.0000   0.0000   0.0000
   38       -0.8896      -1.2907      -1.7000   0.0000   0.0000   0.0000
   39       -0.5574      -0.9524      -1.7000   0.0000   0.0000   0.0000
   40       -1.1939      -2.5112      -1.7000   0.0000   0.0000   0.0000
   41        0.5270      -0.5461      -1.7000   0.0000   0.0000   0.0000
   42        0.9388      -0.9379      -1.7000   0.0000   0.0000   0.0000
   43        1.3636      -1.2744      -1.7000   0.0000   0.0000   0.0000
OP_END
VCSTRT
VC_END
